Run semi-empirical minimization
 &qmmm
    qm_theory='AM1', grms_tol=0.0005,
 scfconv=1.d-10, ndiis_attempts=700,   qmcharge=0,
 /
  35   Br1       13.3910        6.8780        4.2050 
   6    C2       11.9910        8.0650        3.7740 
   6    C3       10.8390        8.2000        4.5180 
  16    S4        9.7830        9.3710        3.8390 
   6    C5       10.8750        9.6830        2.5810 
   6    C6       12.0180        8.9270        2.6500 
   8    O7       13.0050        9.0610        1.7250 
   6    C8       12.8850       10.0430        0.7210 
   6    C9       11.7720       10.7980        0.6060 
   6   C10       10.6490       10.6470        1.5500 
   8   O11        9.6430       11.3400        1.4060 
   7   N12       13.9890       10.2090       -0.1180 
   6   C13       13.8570       10.7170       -1.5010 
   6   C14       14.8620       10.0050       -2.4150 
   8   O15       16.2110       10.1680       -1.9430 
   6   C16       16.3400        9.6240       -0.6230 
   6   C17       15.3860       10.3050        0.3660 
   1     H       10.6360        7.6640        5.3760 
   1    H1       11.7060       11.4920       -0.1550 
   1    H2       14.0500       11.7690       -1.5130 
   1    H3       12.8640       10.5280       -1.8530 
   1    H4       14.7870       10.4150       -3.4010 
   1    H5       14.6310        8.9600       -2.4180 
   1    H6       17.3460        9.7640       -0.2870 
   1    H7       16.0910        8.5840       -0.6650 
   1    H8       15.4630        9.8240        1.3190 
   1    H9       15.6540       11.3370        0.4530 

